APPENDIX D.  KEY TO THE REFERENCE LIST FOR THE OXFORD 
             LAKE-LEVEL DATA BANK IN APPENDIX E 
		  (file LAKELEVLPUBINDE.DAT)

BMN     Publication Index Numbers

6001    119,120,130,291,312,421,446,599
6002    252,669
6003    112
6004    13,96,130
6005    68,96,112,293,294
6006    70
6007    51,53,409,583
6008    107,120,128,130,448,605
6009    97
6010    24,27,251,269,360
6011    147
6012    70
6013    362,366
6014    96,112,113,294
6015    353,354,355,669
6016    318,371,410,411,412
6017    313,314,315,316
6018    70
6019    69,70
6020    112
6021    342,567
6022    46,74,134,142,227,293,294,360,418,419,420,604
6023    54,56
6024    143
6025    213,214,405,406,414
6026    241,445
6027    120,130,421
6028    31,133,134,194,253
6029    31
6030    175,423
6031    175,257,423
6032    175,423
6033    175,423
6034    164,165,278,413
6035    177
6036    94,112,113,293,294
6037    109
6038    308,338
6039    68,258
6041    339,344,413
6042    175,423
6043    164
6044    68,161
6045    95
6046    362,365
6047    175,423
6048    364
6049    363
APPENDIX D (continued)

BMN     Publication Index Numbers

6050    70
6051    112
6052    239
6053    252,353,355
6054    68,319
6055    90,162,248,265,615
6056    165
6057    213
6058    19,106,266
6059    152
6060    50,585,626
6061    71,72,145,163,164,165,384,415,623
6062    177,447
6063    38,96,651,652
6064    157
6065    149,303
6066    31,669
6067    49
6068    49
6069    194
6070    353,354,355
6071    359
6072    9,50,426,672
6073    50,62,191,271,345,678
6074    55,56
6075    133,134
6076    252
6077    68,161
6078    59,144,156,614
6079    281
6080    157,428,429,622,667,669,679,728
6081    252,253,669
6082    252,253
6083    68,256,259
6085    28,360,707
6086    75,562,672
6087    31,133,134
6088    112,293,294
6089    232
6090    97
6091    226,252
6092    290,339,403,404,702
6093    50,52,262,343,370,373,374,444
6094    215
6095    202,308,417,696,701
6096    93
6097    175,423
6098    93
6099    175,423
6100    5,70,94,432
APPENDIX D (continued)

BMN     Publication Index Numbers

6101    300
6102    110
6103    136,140,143,153,304,425,427,433
6104    274,430
6105    108,273
6106    1,88,199,333
6107    299,389,390
6108    14
6109    3
6110    188
6111    127,388,431
6112    263
6113    108,272,274,391,430
6114    22,180,188,201,242,243,340,341,569,610,714
6115    299,389
6116    230,387,431
6117    1,279
6118    230,387
6119    230,387
6120    230,387
6121    230,387
6122    230,387
6123    2,299,389
6124    263
6125    387
6126    89,288
6127    372,387
6128    3
6129    189,233,334,335,336,346
6130    92
6131    91,534,535,592,593
6132    84,85,155,222,223,234,284,514
6133    73,84,170
6134    17
6135    182,183
6136    181,184,186,198,255
6137    79,115,116,181,183,184,186,187,302,328,375,377
6138    26,115,184,185
6139    179
6140    249,573,681,690,703,706,715,716
6141    184,25,301
6142    115,184,210,211,212,392
6143    117,192,193,217,229,275,277,301,306,309,392,537,538
6144    48,81,87,181,192,195,526
6145    352
6146    350,571,710
6147    60
6148    67
6150    67,98,332,571
6151    367,368,692,719,720
APPENDIX D (continued)

BMN     Publication Index Numbers

6152    45,118,508,509,510,511,721,722
6153    123,724
6155    46
6156    23,30,42,43,114,155,217,219,238,247,276,337,527,530,
        531,532,533,572,578
6158    80,151
6159    351,570
6160    63,148,167,216,247,268
6161    85,154,159,166,356,507,579,620
6162    10,11,513,514,550,563,564,618,642,646,648,654,705
6163    63,216
6164    63,216
6165    61,85,222,228,307,528,550,581,588,601,602,603,647,
        675,687,697,698,712
6166    82,86,155,286,500
6167    190,282,449,664,684
6168    6,7,8,48,192,217,261,311,329
6169    8,20,21,48,559,560,561,600,611,612,617,659,690
6170    131,607,608,674
6171    351,571
6172    267,268
6173    29,44,141,167,356,613,627,628,629,630,631,632,633,
        638,694
6174    44,159,247,385
6175    18,148,167,267,268
6176    159,167,247,267,268
6177    148,167,267
6178    41,42,43,83,105,192,193,196,200,217,229,238,276,277,
        289,310,386,393,512,514,518,527,589,666
6179    369,555,556,557,580,596,658,699,700,704
6180    125,327,576,595
6181    171,172
6182    287,685
6183    327,693
6184    124,178,625,634
6185    224
6186    358
6188    84
6189    78
6190    40,146,220,221,235,244,245,348,376,574,597
6191    264,305,347,357
6192    260
6193    320,381,657
6194    246,380
6195    65,66,378
6196    331
6197    292
6198    168,169,236,237
6199    292
6200    39,122,285,379,543,544
APPENDIX D (continued)

BMN     Publication Index Numbers

6201    330
6202    283
6203    218
6204    15
6205    35,36
6206    16,46,102,137,521,522,733,758
6207    104
6208    46
6209    137,732,757,770
6210    137,138,732,757
6211    204,774,776
6212    737,766,767,772,773,780
6213    34,57,76,77,126,280,298,756,759,789,794,800
6214    16,34,46,57,100,521,522,733,735,761,762,797,801
6215    16,33,34,35,37,100,521,733,749,750,751,752,
	   790,800
6216    36,736
6217    225,796
6218    101,382
6219    206,208,774,775,777,778
6220    99
6221    58
6222    64,732,753,754,755,760
6223    205,207
6224    36,736
6225    36
6226    138
6227    58
6228    34,35,36,729,730,731,738,739,740,741,742,744,790,800
6229    203,551
6230    240,254
6231    121
6232    32,173,174
6233    132
6234    250
6235    103
6236    176
6237    295,296
6238    4,297
6239    387
6240    387
6241    387
6242    387
6243    388
6244    388
6247    396,398
6248    395,396,397,398
6249    401,665
6250    399,622
6251    402
APPENDIX D (continued)

BMN     Publication Index Numbers

6252    407
6253    408,409
6254    416
6255    422,606
6256    422,606
6257    423,424,671,673
6258    431
6259    431
6260    431
6261    431
6262    431
6263    431
6264    431
6265    502,503
6266    504
6267    501,650
6268    505
6269    619,711
6270    184,186,515,516,517
6271    519
6272    520
6273    529
6274    536
6275    539,540,541,542,552
6276    545,547,548,549
6277    553,565,616,662,683
6278    554
6279    550
6280    555,557,568,700
6281    555,556,557,691
6282    558
6283    252,669
6284    594
6285    643,663,669
6286    594
6287    622,668,679
6288    594
6289    252
6290    643,663,669
6291    252,669
6292    604
6293    695
6294    422,606
6295    583,686
6296    566
6297    423,671
6298    667,668
6299    594
6300    670,726
6301    562,672
APPENDIX D (continued)

BMN     Publication Index Numbers

6302    667,668
6303    621
6304    583,635
6305    420,604
6306    594
6307    688
6308    672
6309    641
6310    668
6311    594
6312    594
6313    594
6314    645
6315    671,673
6316    582
6317    565
6318    639,640,680
6319    677
6320    575
6321    575,586,587,676,677
6322    639
6323    575
6324    677,709
6325    709
6326    682
6327    636,637
6328    636
6329    514,624
6330    590,662,683
6331    526,577,591
6332    725
6333    520
6334    717
6335    713
6336    327,595
6337    653
6338    689
6339    644
6340    708,718
6341    655
6342    655
6343    655
6344    655
6345    656
6346    598,661,723
6347    649,660
6348    609
6349    584
6350    162,615
6351    727
APPENDIX D (continued)

BMN     Publication Index Numbers

6352    782,783,784,788
6353    764,771
6354    207
6355    779,791,792,793
6356    745,783,784,788
6357    575,746,747,748,765,798
6358    36,736,795
6359    104
6360    785
6361    743,781,786
6362    734
6363    745,782,783,784,787,788
6364    137,757
6365    763
6366    768,769
